0,-52.458902217786516
1,-55.296197432125304
2,-55.14393817962688
3,-59.955141167325856
4,-61.00119043427545
5,-54.03069277622139
6,-51.70046219788442
7,-66.86685850853182
8,-47.626868195875375
9,-54.00116054159049
10,-56.35268584375535
11,-53.43258902084932
12,-72.04833976453014
13,-77.70789481550706
14,-55.271079009523504
15,-45.26202454621395
16,-71.8159481559517
17,-70.54811963362901
18,-54.70843913755216
19,-67.95209227939013
20,-71.3773294531628
21,-55.51476560419045
22,-54.96066991077098
23,-59.894507239289375
24,-75.3476772303307
25,-57.5697140996705
26,-83.87272653903729
27,-64.86040611830028
28,-66.33018021717358
29,-75.5782723112272
30,-65.23878412634289
31,-64.01279761805192
32,-63.233900488871434
33,-47.06685600433009
34,-57.81934847854218
35,-62.44119068493143
36,-42.11016425928962
37,-48.189527514623336
38,-54.800599927479006
39,-50.07802709426786
40,-71.03624116553445
41,-47.86800456486674
42,-73.06846953917362
43,-60.83944637187795
44,-70.23303550111542
45,-55.96532661451678
46,-54.585207298184805
47,-48.4883765605265
48,-46.85856239995952
49,-44.39473392296283
50,-61.611565636347855
51,-67.04786410067683
52,-44.663767780803546
53,-45.75943462853177
54,-61.73053395111337
55,-1.681516542099125
56,-52.34963691977165
57,-53.8892235381776
58,-69.48340200533113
59,-51.795595181404835
60,-53.068124641872544
61,-45.74244827408558
62,9.842640554145289
63,-45.51593374990373
64,-58.634559816669764
65,-61.95653548149605
66,-12.965041873260075
67,-41.309198201335285
68,-52.39852911740414
69,-74.54431662826903
70,9.870769414129008
71,-68.05659807020282
72,-44.00720084055502
73,9.857995722689811
74,-40.88149373778528
75,-70.87929650149508
76,-51.47418765123077
77,-76.69559866044075
78,-52.97815022316892
79,-74.22494718626675
80,-51.282105766375786
81,-53.66581040191686
82,-7.604062640216999
83,-58.234763528183876
84,-49.006363543924444
85,-55.86845656553236
86,-54.77676860347425
87,-62.13073825553699
88,-48.638790016707915
89,-69.4883116083494
90,-76.32637833046167
91,-55.5873944386556
92,9.886411537625534
93,-64.323234122943
94,-64.56545038402535
95,-48.10852654568354
96,-67.6910291057649
97,-59.69764598864151
98,-44.55878404874703
99,9.882253211281537
100,9.85479268263116
101,-75.51463468880873
102,-54.34639267115712
103,-70.35526219161561
104,9.862668524897467
105,-60.78058100699808
106,-49.17202591820848
107,-72.86317080273722
108,-78.81403168872765
109,-55.31218673355643
110,9.847854213396978
111,-62.66349475200035
112,9.851136357022012
113,-45.0303759801246
114,-45.934495417578695
115,-50.22215290966146
116,-68.92700273307213
117,-73.9294236716146
118,9.88446257658729
119,-50.600142893465126
120,-72.36927789042554
121,-57.14633607727835
122,-54.81953002860434
123,-61.50972861785523
124,-52.0776758602352
125,-58.72189148360467
126,-54.11359075637985
127,-46.259930452122944
128,-58.46907145947185
129,-58.086989505192214
130,-47.98808943818975
131,9.872067707782982
132,-52.865602439293916
133,-38.7198706468694
134,-53.28458747042382
135,-50.8174745721513
136,-66.7177340055921
137,9.861384080184898
138,-38.085625498842994
139,-69.01410690638119
140,-63.933448583365944
141,-47.60882396308258
142,-59.44062383580741
143,-53.06073420958155
144,-55.663273426745164
145,-50.51286699458131
146,-55.961368692702216
147,-57.59469571350976
148,-60.20654788104149
149,-67.23237375875006
150,-76.3924447857201
151,-58.3354447317125
152,-62.03637165178261
153,-65.53722836640304
154,-43.99435821789844
155,-65.23212119229376
156,-40.44478344110513
157,-8.28054448353567
158,-51.524851240120746
159,-46.77908635323814
160,9.860609227413265
161,-60.184298806566545
162,-38.09633863749168
163,-56.45733315357238
164,-57.374842688681134
165,-42.11242280403929
166,-74.81289857586304
167,-52.50670727671057
168,-60.51707406015257
169,-1.2231691332394943
170,-40.69340959637657
171,-65.66857817425952
172,-51.73735979528556
173,9.849126749188116
174,-51.84288563527326
175,-60.43307011483515
176,-58.11318227160619
177,-48.1732434082073
178,-57.43128900126179
179,9.889631610595709
180,-42.973898492345675
181,-52.79105157213392
182,-57.82374564040572
183,-67.82457187986549
184,-48.78200709832361
185,-66.99960284447872
186,-58.952308875946564
187,-78.67087827160458
188,-46.90097420321771
189,-46.267562562295105
190,-62.23244838238487
191,-75.82894596718684
192,-54.42028153942614
193,-72.00229338657623
194,-54.30325241654319
195,-60.0937800088563
196,-49.42505473718122
197,-61.04357807538041
198,-53.7641955952758
199,-47.78627114874767
200,-65.87293055803715
201,-55.74425059666578
202,-51.80997284701066
203,-51.17813160258136
204,-48.04575835378826
205,-9.990736688233486
206,-44.104865169442974
207,-54.22642432215655
208,-61.16809589343578
209,-75.49257134181342
210,-53.10034255316557
211,-48.72754405259942
212,-77.86288517722514
213,-58.705773854878544
214,-50.57135400100059
215,-55.043227797245834
216,-57.23606192160547
217,-60.00007692573435
218,-72.04898731271194
219,-62.67537765211223
220,-62.31534181270143
221,-63.25538739566515
222,-54.4050417321515
223,-68.82643574758997
224,-71.17092123178475
225,-51.43927306408908
226,-59.56788302434307
227,-41.745290747057304
228,-38.970489333709715
229,-57.78397045641042
230,-56.44288241517837
231,-73.32323011195804
232,-52.78725791614653
233,-70.99320059358534
234,-43.553043306545895
235,-59.994920673335166
236,-50.254458089329184
237,-47.537649703826105
238,-44.60766891150638
239,-61.33534332054585
240,-47.55534063175863
241,-61.59129012020967
242,-57.39449242461908
243,-47.376585263147284
244,-44.367620655863334
245,-63.506713762738954
246,-70.72922577854779
247,-51.58982275928655
248,-76.53933916627167
249,-50.193225395144246
250,-54.977216535804665
251,-64.73938323318487
252,-61.99083159001053
253,-46.16630180137543
254,-51.45733347350476
255,-52.3128869831369
256,13.986629145967788
257,-73.29560705479187
258,9.86688159406694
259,-48.24815041203443
260,-66.19305418116991
261,-74.03828386584534
262,-52.14481000391557
263,-31.673536874439066
264,-59.65757691974597
265,-71.37324223352341
266,-63.408152521458916
267,-45.06293635045854
268,-62.233716701203456
269,-65.88825893898212
270,-53.19920696115522
271,-47.8338964007994
272,1.9700431065714046
273,-54.689501263228074
274,-69.75265975039603
275,-67.45589072839596
276,-56.11295248053583
277,-53.90948377160051
278,-66.43180887246969
279,-79.46345722528302
280,9.872607220106289
281,-62.07204683364738
282,-74.03826886445522
283,-47.56470097796201
284,-55.978717534205906
285,-66.54243539248921
286,-63.335552791705624
287,-2.5339458257510015
288,-51.75832309090402
289,-55.215209236910276
290,-54.81166349934592
291,-2.656987504685508
292,-61.89863299329823
293,-62.167742430541
294,-53.87981134970611
295,-58.66145470945143
296,-50.538172774175784
297,-66.15205684516462
298,-66.55947486265565
299,-55.076107318705134
300,-49.10583629570007
301,-53.960971844301156
302,-70.47630317314811
303,-55.41575921828568
304,-70.13542467132194
305,-57.79185203465585
306,-56.42389525224521
307,-2.031119132400334
308,1.8703492918585543
309,-45.25165924878741
310,-66.04008464594517
311,-58.832713497000874
312,-58.36910877364858
313,-55.14585200214983
314,-53.8509657420143
315,-64.88222437065563
316,-1.6999235733226519
317,-56.776087825655345
318,-62.43482059961101
319,-77.2720446271994
320,-54.47792064060732
321,-56.41717557872343
322,-50.475864334145555
323,-60.57799158225505
324,-1.6557727373381228
325,-61.4912103718192
326,-68.5444289634072
327,-59.158403924366134
328,-54.4698369714199
329,-73.50688267293891
330,-49.35222596428688
331,-49.196403816255824
332,-71.97690077024332
333,-69.85655123124307
334,-55.86401602682363
335,-1.1206875977021225
336,-56.99959812621604
337,-49.36813727512546
338,-53.100102653391
339,-47.633650689562934
340,-59.506797682303
341,-67.56339026197747
342,-60.32022290585922
343,-59.29458134800817
344,-64.50423396194074
345,-58.40083805496894
346,-60.05105526755856
347,-58.91509490122807
348,-53.72276355426944
349,-52.27868545562355
350,-62.44832167178744
351,-0.9225707163147281
352,-56.660156565702714
353,-64.65788305682113
354,-64.51988357547785
355,9.862007037880087
356,-58.924500031949705
357,-26.09603042954137
358,-61.35520523711839
359,-64.11423572184633
360,-61.1455098993837
361,-1.413234964151413
362,-57.413939453682474
363,-58.3930886374593
364,-70.82293739597817
365,-71.85278890428127
366,-60.07085462182026
367,-62.815047172716525
368,-68.63773792949787
369,-74.20909584627755
370,-49.51740822628258
371,-46.64910590369847
372,-66.07547570475776
373,-59.51185382056757
374,-44.6736414417947
375,-52.750439374391426
376,-29.78668695286326
377,-50.876467015355125
378,-53.28141297111333
379,-65.60034832193055
380,-59.85571219196527
381,-58.065178791201184
382,-71.68960567313677
383,-58.3075541060946
384,9.870862669648554
385,-54.285822044220694
386,-67.54451857384514
387,-42.63792706023123
388,-61.42418744131221
389,-69.52518932035827
390,-66.02832082442447
391,-68.85745696517742
392,-69.67473115037274
393,-76.95142928979094
394,-1.6617057232838413
395,-78.49029295837241
396,-0.8293315524131204
397,-53.5562141931084
398,-54.24624293606757
399,-63.617636659749934
400,-75.34296700753856
401,-63.86801027998234
402,-71.90511156334479
403,-70.9707327193211
404,-70.11581655123493
405,-60.80995525393283
406,9.86344946536191
407,-69.77520268739238
408,-67.15308189911849
409,-60.44493930498775
410,-68.47285281654133
411,-48.475653141059155
412,-46.77493124579499
413,-65.97389129798674
414,-55.555622043185444
415,-70.0540943347142
416,-76.50553377259207
417,-48.41786678078381
418,-58.954417216635136
419,-51.027725926798
420,-56.700364082255625
421,-53.78262698170953
422,-44.59086550084347
423,-59.870129456744664
424,-29.61329652284484
425,-62.11882502670903
426,-49.811046072544656
427,9.86229505519194
428,-71.48747741912604
429,-50.30281824834439
430,-51.06533944237884
431,-2.3541739545657383
432,-64.79734351380122
433,-50.72994777275073
434,-75.14361383228328
435,-65.84619880254706
436,-67.83845145190985
437,-65.33245898646693
438,-68.22376108558827
439,-46.85842564038232
440,-58.127959448776366
441,-47.672949307210246
442,-56.07093896093619
443,-1.803179476627339
444,-52.175508135374926
445,-66.16016855187802
446,-55.02372308260529
447,-51.9434928530556
448,-58.19838134767854
449,-45.522131510026746
450,-63.73529081750576
451,-62.46977211689131
452,-46.10462364925711
453,-52.122910195841776
454,-58.93085318931894
455,-65.77865714916288
456,-40.44015140533632
457,-67.20320140303663
458,10.928505716661075
459,9.885941049110851
460,-76.22424234433402
461,-50.492804320921195
462,-65.46256657793175
463,-59.82265191732273
464,-56.97708246245045
465,-65.72279468476944
466,-52.274506146253565
467,-2.089068551555708
468,-57.922074314535564
469,-65.42267180276609
470,-72.45445803142022
471,-56.56038418492851
472,-76.86837907880113
473,-81.41738588889433
474,-63.850885256254045
475,9.878808167141651
476,-65.51558713067448
477,-54.9445289985158
478,-49.824176846321365
479,-49.87310735488372
480,-47.67930147790581
481,-71.28893928945354
482,-74.94444523487823
483,-64.82334742831793
484,-54.18025398535709
485,-64.54164271594976
486,-71.98253928531359
487,-62.46093055298762
488,-56.79557956650183
489,-65.47478806699998
490,-66.24502798678861
491,-82.15201527859531
492,-44.17872315874852
493,-52.8167544391477
494,9.858994967267469
495,-47.14248191124247
496,-73.40957052040986
497,-64.91710223306805
498,-55.89052106463621
499,-71.58367823525234
500,-60.034154191718905
501,-54.63868040442767
502,-51.62982817376921
503,-2.3198084589111407
504,9.856683892295656
505,-65.56620299864674
506,-68.35039973228626
507,-55.970670746867675
508,9.851086550168757
509,-72.24448667781175
510,-48.01323753109214
511,-57.84304147257532
512,-58.17301414355963
513,-53.944873712063035
514,-49.5779099440042
515,-60.50324576929285
516,-68.38123233819692
517,-49.766248688146
518,-49.470965034016174
519,-54.1528858654087
520,-60.151767784639084
521,9.857696753979775
522,-58.29246930880897
523,-41.567815833068586
524,-56.57621290302577
525,-50.64734849963602
526,-69.63205268111776
527,-56.14015409493979
528,-72.89555256456546
529,-53.89308858922727
530,-72.27292755763605
531,-78.07742539565368
532,9.855402177397481
533,-60.71699393131981
534,-44.678420956052875
535,-81.81854532527909
536,-69.30064850330662
537,-69.08942163298492
538,-63.91715016773569
539,-58.106607208456936
540,-69.76857145188599
541,-77.25563656011602
542,-57.115158506450676
543,-0.772800803706191
544,-57.522477985913646
545,-59.40457857312588
546,9.862950610617414
547,-55.67067552995074
548,-66.73932725043404
549,-69.74927781326936
550,-74.30863501049244
551,-40.47690395509941
552,-62.15714343933701
553,-63.387235338831225
554,-1.7004910989375701
555,-67.01543322068454
556,-57.44752781309681
557,-51.6059644894546
558,-46.40865611502856
559,-78.09343879715533
560,-68.55727562520205
561,-57.26038944710354
562,-60.305244549632576
563,-71.31587836550716
564,9.883095315451616
565,-72.83308468198264
566,11.583154158284383
567,-64.02574076150125
568,9.870717755897811
569,-61.281481487118356
570,-54.124159602375286
571,-64.39197293299664
572,-69.0304816692605
573,-66.64067666404442
574,-80.04959571906208
575,-51.46015315636967
576,-60.97989252493358
577,-63.09513596508386
578,-70.69193922493332
579,-50.55435973377872
580,-52.130164185503006
581,-60.58022515143553
582,-54.31393999179646
583,-70.525186909976
584,-44.684692186812896
585,-65.28545368495527
586,-65.49931486386643
587,-61.08822165608849
588,-46.17833422474455
589,-75.51547448277103
590,-62.47263413082622
591,-52.717144190000326
592,-86.50221331869263
593,-66.31916731010355
594,-65.31661807549078
595,-1.4955623885402758
596,9.857080043047064
597,-71.75063323439691
598,-61.33849567025673
599,-60.05842932739349
600,-66.24611021188235
601,-64.34648274516678
602,-59.82305212272248
603,-61.83286070138666
604,-66.27686281908419
605,-63.5870895408702
606,-62.44466175479442
607,-55.388790363391784
608,-74.77002704060992
609,-72.0028127097718
610,9.880225651646654
611,-56.80262017303934
612,-65.54387820942667
613,-75.4091820554126
614,-74.79490130269271
615,-71.74325538359957
616,-61.219755949747324
617,-57.45900436387554
618,-48.41977744096373
619,-49.52954767186967
620,-52.21027640171641
621,-57.832714227486115
622,-52.26867584901811
623,-65.10539820305047
624,-56.477704631677376
625,-70.13157279831503
626,-81.12651895622199
627,-75.60338791642172
628,-55.81249806781432
629,-1.169419262703325
630,-44.75447804107728
631,-63.70518858250024
632,-70.95099233507474
633,-68.10163310320668
634,-72.24325373415584
635,-66.8118681368416
636,-74.32115147005484
637,-53.452360929351364
638,-62.435012835702516
639,-67.07394312187027
640,-61.59342228762812
641,-52.23885858792427
642,-66.85078040056146
643,-71.18414588942342
644,-73.77195022444782
645,-57.26828650631738
646,-59.58374556875709
647,-56.70288725740243
648,-63.95374012008241
649,-57.99392959657261
650,-36.447760685783535
651,-56.07921054397491
652,-56.311966861962176
653,-1.3591247745122887
654,-54.07367191664237
655,-40.673481625614215
656,-47.1685380936796
657,-58.55344536405954
658,-53.68107681940448
659,-56.707764223402975
660,-68.12483930758518
661,-56.072518415760165
662,-74.53975906626629
663,-71.49851931600305
664,-53.9427324620986
665,-67.47422572449452
666,-79.45930239052468
667,-64.22805195527371
668,-50.033141610451054
669,-71.18441753740704
670,-63.74698997725838
671,-61.13038879523138
672,-61.69067795542779
673,-60.31345484561956
674,-1.2261410655835725
675,-81.91464669050038
676,-56.55938627149621
677,-52.707656815214676
678,-1.4868537556880717
679,-63.294138167883425
680,9.87174513795303
681,-52.85840589392655
682,-74.71088318826777
683,-66.3061975434471
684,-52.15249633118802
685,-1.522151593134899
686,-55.25935925436125
687,-59.34905715511705
688,-61.41539658403474
689,-55.82916403745688
690,-53.571262883571215
691,-80.16653221091848
692,-67.89992070744489
693,-68.0920218339523
694,11.03305623463418
695,-1.8478589267339751
696,-73.57449436451353
697,-64.75609719790137
698,-64.49451726693923
699,-67.99800297469395
700,-53.08070692390789
701,9.88328095964793
702,-54.28529380105378
703,-46.94977121512615
704,11.987940540426889
705,-62.6451187655167
706,-73.1747720888984
707,-89.97944093547106
708,-60.299888541819215
709,-66.05670602650429
710,-72.85514797036834
711,-77.72458840847175
712,-52.85249122437873
713,-73.37770413662393
714,-2.43787045700939
715,-63.74586270063893
716,-60.82531913586303
717,-43.295204695090824
718,-56.26661017191142
719,-52.05134215474757
720,-68.44066851942783
721,-56.655046933983
722,-69.3331672855085
723,-69.17896784891519
724,-77.50912725676051
725,-69.46431066060883
726,-68.14309626504172
727,-58.79565321008438
728,-70.0232240834677
729,-66.37159102311148
730,-74.31712515772207
731,-74.25810497748972
732,-56.48315839613656
733,-54.20514722278367
734,-66.50238665108714
735,-46.21064459655689
736,-51.29404235944322
737,-54.54820730837406
738,-60.78614341532247
739,-1.188179243728782
740,-53.33221015439802
741,-63.18110285923949
742,-63.06551545076916
743,-2.0454849518343723
744,10.107034690233967
745,-67.62795741346466
746,-64.68223569778318
747,-58.7411871725388
748,9.87164313054072
749,-63.513676927270325
750,-49.28973468376984
751,-71.81034996001219
752,-58.94369267805038
753,-66.09619686299767
754,-59.62020351106596
755,-57.552325111742284
756,-43.5222903214633
757,-72.51562926089971
758,-66.15496090410987
759,-56.09645094931632
760,-55.7047587958636
761,-52.7814184395481
762,-49.690012300699586
763,-64.1768972627387
764,-45.95078299914388
765,-71.55702103243767
766,-71.70186605020679
767,-72.98991545173625
768,-62.412412029865166
769,-70.20435255672729
770,-62.50988568225382
771,-75.71099684393103
772,-0.16276179903412055
773,-69.74691510781211
774,-48.21013957341594
775,-51.340625419418814
776,-62.278664969500554
777,-78.76755368075492
778,-74.54126877855539
779,-43.01371791978487
780,-58.43947470720958
781,-51.827299643354394
782,-53.71548075596851
783,-58.621917955624795
784,-59.20343054157267
785,-60.96121853458014
786,-59.421114704787776
787,-67.74549463260614
788,-61.746659318657926
789,-57.71656019963325
790,-68.29568352944709
791,-43.02859430222191
792,-67.51581377990166
793,-51.10317045061254
794,10.493863831037805
795,-65.70620021271564
796,-1.8518274099477294
797,-55.5164436037059
798,-71.62386939179024
799,10.147122901517047
800,-61.78485882673635
801,-63.12931302824062
802,9.865708917522765
803,-51.60945447416001
804,-75.24643773477649
805,-70.3354521664802
806,-65.36023449477254
807,-63.188869581521445
808,-56.968541543791545
809,-73.24678236446178
810,-55.57024916809087
811,-57.463243581893366
812,-51.69375620146328
813,-71.177188657917
814,-62.804671133903504
815,-67.25397994454424
816,-60.34386747819524
817,-62.80361742694379
818,-58.14227708357762
819,-63.32042289817989
820,-55.71393073172435
821,-62.70091540168961
822,-71.30399435594495
823,-58.922007384001354
824,-73.33113078396033
825,-55.23862923899276
826,-57.37927089449753
827,-48.52433018022182
828,-64.10164801783354
829,-62.98124552337334
830,9.87998157484391
831,-57.901134302552855
832,-37.26187336055044
833,-77.92068178165198
834,-62.9826930286663
835,-85.6531883913638
836,-67.69760378371242
837,6.462297951570715
838,-56.008021793598864
839,-61.611292620756196
840,-55.26017775548527
841,-54.46631005808375
842,-49.11432851933722
843,-65.48043892063218
844,-53.26930958233506
845,-58.80419063935124
846,-64.96985862683734
847,-43.090799684371895
848,-62.34005689682936
849,-55.09229262449726
850,-60.50928167631884
851,-65.22381923867516
852,-68.23926578927738
853,-48.87948872047146
854,-66.9588248401507
855,-63.24918775138269
856,-65.29725289340847
857,-56.80937753915177
858,-69.25650944148627
859,-49.602867878429564
860,-65.81294641495518
861,-61.308149319236705
862,-64.83949516857227
863,-47.07268151531556
864,-55.454662321595805
865,9.885388379503075
866,-68.10085499300278
867,-77.26255639582381
868,-63.74021554177171
869,-47.186774979213574
870,-62.018215400022534
871,-71.67835485041705
872,-55.17535067954401
873,-59.80599940859886
874,-58.552498615951095
875,-65.29041670410726
876,-51.04677129628128
877,-56.49467401900005
878,-64.6170597770172
879,-62.6173710576356
880,-66.6645216900514
881,-79.48658291951874
882,-55.42462692560252
883,-51.60294957320841
884,-61.11515505462135
885,-66.16469332150173
886,-65.81631702525173
887,-55.38485304745176
888,-74.27279653212528
889,-53.24429206726322
890,-65.92626615955187
891,-59.95278552308157
892,-53.37408422115978
893,-55.31764033335863
894,-66.07096651685535
895,-43.3524811200785
896,9.876741676768647
897,-66.13029060825721
898,-65.40102967977317
899,-47.69796438920904
900,-51.27223528943965
901,-62.47610922081923
902,-59.40468985096901
903,-67.45292865945106
904,-76.34356651878056
905,-68.7855970818013
906,-66.50848822160853
907,-59.8117967061766
908,-74.01836222779382
909,9.87579589165469
910,-64.5167473802291
911,9.881911316563318
912,-44.570518073057194
913,-61.63486214537435
914,-61.03231899835972
915,8.094761816356648
916,-72.1006836110333
917,-77.45532292413623
918,-61.618566862189105
919,-56.22572454194069
920,-69.59088790107066
921,-52.49122972386567
922,-68.36211274153649
923,-69.84467623519811
924,-55.14329652155892
925,-56.41589557575653
926,-56.7255441707338
927,-63.3472142996098
928,-63.871384844426295
929,-1.5507076412641785
930,-63.5449829199282
931,-1.323854951087228
932,-39.28141171357399
933,-48.14469780694051
934,-57.392099527311295
935,-56.840053199089866
936,-1.6029642585354607
937,-55.16322825011292
938,-68.60211006037535
939,-65.49565260213426
940,-55.18810150657376
941,-48.12988834191885
942,-71.20833505899733
943,-69.75798256083515
944,-56.50766213546898
945,-50.880339457514935
946,-67.02840742037633
947,-70.9007677711403
948,-55.85464157560624
949,-64.60511635275232
950,-68.54902399561063
951,9.8772044635869
952,-46.98557333590114
953,-61.896108305044486
954,-59.298329016292676
955,-56.077010458081624
956,-33.19877994850541
957,-30.44530223068459
958,-61.91363086422875
959,-55.112494035642186
960,-29.978146789369166
961,-58.9786358375015
962,-1.4054853091001045
963,-67.65400253004518
964,-58.19776946021701
965,-49.65589078229928
966,-48.84501061204518
967,-58.363360654127206
968,-60.03779359472551
969,-2.4506194841302906
970,-38.9124630639556
971,-66.45664830824673
972,-65.99712157584004
973,-54.468459629095925
974,-89.93994331850989
975,-58.47803446075332
976,-36.99480859570699
977,-56.34673533489081
978,-57.829106837702824
979,-59.45291537254482
980,-64.47316718989217
981,-59.635331345324516
982,-33.849410271517435
983,-47.54336661217528
984,-45.513370905343784
985,-64.3551867806252
986,-55.54039430526085
987,9.846576243976605
988,-61.187613367874434
989,-65.77244585102373
990,-64.63988619593383
991,-62.18049331257174
992,-53.2282903915304
993,-63.9225953615771
994,-75.95377762867517
995,-63.54241431223817
996,-60.29764058874114
997,-49.49757294522112
998,-59.26161170147876
999,-66.91199557310537
1000,-63.28515909679093
1001,-64.99053645090977
1002,-67.37838691047281
1003,-75.94982898148056
1004,-50.18199294159278
1005,-62.08343339081408
1006,-75.98932267979717
1007,-59.858548674493356
1008,-64.0011846134748
1009,-67.36852136545484
1010,-78.35109265499948
1011,-71.04003266782514
1012,-65.86732731876864
1013,10.083621410094716
1014,-47.914847709928345
1015,-57.553421636157886
1016,-70.7470788064685
1017,-60.13640618537189
1018,-56.1198512833293
1019,-2.018319509113603
1020,-52.461213531848195
1021,-59.01632668417366
1022,-72.46852961618447
1023,-56.97403137760237
1024,-59.57269186197273
1025,-50.69888336880366
1026,-55.97060137895125
1027,-79.76155468913826
1028,-43.876803259175674
1029,-63.7433456675918
1030,-45.96495656942016
1031,-47.00264182189992
1032,-50.47386114075641
1033,-79.79567172801082
1034,-70.64206127314985
1035,-56.05629495347848
1036,-41.034577680937765
1037,-58.68017903431179
1038,-66.39961730880012
1039,-66.06640451977164
1040,-64.16055720230646
1041,-54.49268453326695
1042,-56.67747514546898
1043,-1.4284592664666915
1044,-66.47838049800681
1045,-2.647146902089532
1046,-51.44243058302704
1047,9.864096702701566
1048,-67.28792417807561
1049,-62.358107727762054
1050,-62.78824533235911
1051,-55.7639601260902
1052,-63.00171581297027
1053,-81.09406927805139
1054,9.849207436119524
1055,-54.58105713214203
1056,-2.6661254531053733
1057,9.872939972813759
1058,-79.55806292664914
1059,-71.55581315903433
1060,-55.11980950283854
1061,-55.6975309376042
1062,-70.55910346437943
1063,9.876346804190849
1064,-73.51724904775521
1065,-72.48942741589512
1066,-43.20511537164648
1067,-45.995624821361936
1068,-59.69279215691164
1069,9.86086568147883
1070,-64.17583554342846
1071,-72.46318750135497
1072,9.877323208192797
1073,-55.12766145276052
1074,-54.605381624395804
1075,-69.6390463320154
1076,-61.50017613340064
1077,10.543429157756615
1078,-52.847203094001756
1079,-74.34277940287129
1080,9.856064072310177
1081,-56.325801533607255
1082,-71.94883336325066
1083,-54.19536119205434
1084,-48.98235800586774
1085,-61.557390030791964
1086,-61.659562005005824
1087,-65.36413978719143
1088,-53.35863254490507
1089,-50.27010130850265
1090,-58.45824827599572
1091,-47.43321619270198
1092,-55.633958956688836
1093,-65.37617970754818
1094,-59.31055071352253
1095,-64.82180935724428
1096,-57.52683407357391
1097,-73.48681411975807
1098,-52.72284421561348
1099,-65.25335359959385
1100,-64.74702421468513
1101,-67.97484544197151
1102,9.884168334559282
1103,-50.24392617696149
1104,9.860685642064073
1105,-63.62413141489541
1106,9.883596590342199
1107,-61.73568631191056
1108,-64.31478102791098
1109,-62.61661247683522
1110,-49.73585157309192
1111,-71.99230945488033
1112,-64.18707940721919
1113,-54.84295999056016
1114,-53.37258036889932
1115,-60.9367187602774
1116,-45.42134711604474
1117,-52.210009912600164
1118,-51.08166280125256
1119,-71.40049170903178
1120,-48.938764622354405
1121,-1.494038956098829
1122,-57.67281959126645
1123,-51.29194797339542
1124,-67.45031489102993
1125,-49.221997354530274
1126,-62.57643345536531
1127,-52.79605627040656
1128,-62.967772071582885
1129,-56.85745074241383
1130,-63.99552369381044
1131,-2.4181782433751273
1132,9.874345821341938
1133,-56.22816564749402
1134,-61.63520545999772
1135,-63.33965821374258
1136,-72.69399924216775
1137,9.883391097288392
1138,-68.44077508570821
1139,9.860807108127485
1140,-64.97446879621405
1141,-61.13516207560668
1142,-48.660454615387515
1143,-54.899396984368025
1144,-69.91336729448882
1145,-3.171993425561969
1146,-73.84911610300507
1147,-3.3203465731098127
1148,-62.411822575374586
1149,-55.31422860731265
1150,-74.55860527054054
1151,-50.44566174164349
1152,-58.62303243153316
1153,-67.12772166672157
1154,-62.77067232453237
1155,9.928575087443223
1156,-48.42491520923474
1157,-65.5614039402896
1158,-45.53841304209993
1159,-1.3033009943846932
1160,-45.867084331439784
1161,-68.37621315728971
1162,-74.2153625004737
1163,-70.08178124271583
1164,-54.29441175508181
1165,-72.86196268652098
1166,-51.757405121105904
1167,-63.526558313609016
1168,-69.23378698355424
1169,-64.57143496084187
1170,-61.51552227388767
1171,-59.428632328859926
1172,-65.92337634525089
1173,-57.851223829465425
1174,-52.02704010206493
1175,-55.887647912175986
1176,-59.446505895329324
1177,-51.36748635517272
1178,-62.56577334572863
1179,-65.98261468369368
1180,-63.12364792458886
1181,-46.900375253703146
1182,-67.60094185231195
1183,-60.32897123446687
1184,-68.26196335422492
1185,-67.55361946225541
1186,-71.09694412670386
1187,9.861672601690742
1188,-55.335436222382874
1189,-73.00066241143848
1190,-56.74278245508051
1191,9.865347212644199
1192,-56.32639417442734
1193,-66.00620180333972
1194,-69.50853513085468
1195,-53.226118737046015
1196,-67.56343720201887
1197,-50.81482982256917
1198,-54.21254510567443
1199,-39.83484408018773
1200,-60.220863698053975
1201,-54.505922370418716
1202,9.868614368241241
1203,-63.74992892793201
1204,-41.650875991220964
1205,-0.537649284624686
1206,-76.2620821414215
1207,-68.21969921069557
1208,-54.71682149899621
1209,-69.95262492291167
1210,-50.75605395881215
1211,9.869866707154904
1212,-45.08355279205126
1213,10.067283494322183
1214,-53.31032527369447
1215,-21.70542446719566
1216,-63.69988196667492
1217,-54.202801226360194
1218,9.860701043815999
1219,-28.04902195940843
1220,-59.61418543070422
1221,-47.81055284149636
1222,-63.64309173659833
1223,-80.68195709540251
1224,-54.73885540832837
1225,-63.208935429553655
1226,1.8025313334253492
1227,-50.934293257572406
1228,-57.66254692309679
1229,9.862762175005248
1230,-3.5826233038084134
1231,-71.83971386516096
1232,-63.89254946536996
1233,-59.74995656486398
1234,-58.14148455391108
1235,-56.55482277129177
1236,10.08027480846397
1237,-46.00576665212032
1238,-58.82163565527675
1239,-57.30489490918367
1240,-62.03675306648559
1241,-49.35530181574006
1242,-50.93070151307154
1243,0.8788130007368009
1244,-53.15310533933648
1245,-51.70001949968217
1246,-52.86848423907853
1247,-64.44934077163741
1248,-56.084605133137174
1249,-62.578139234263986
1250,-60.100909384693665
1251,-74.63197717339453
1252,-70.74089065983985
1253,-44.973581716318975
1254,-58.05831371236675
1255,-97.71210569820597
1256,-58.388737666988526
1257,-62.39427568226796
1258,-75.2767136949707
1259,-67.90681448437657
1260,-56.73538974273325
1261,-61.3445241939121
1262,-68.15319599992179
1263,-48.60850741103082
1264,-65.97175478669143
1265,-60.04839656518979
1266,-58.836972943334025
1267,9.87035444469875
1268,-51.57738881364045
1269,-83.03135753588634
1270,-58.3776429314082
1271,-56.54630002920445
1272,-68.18780008787223
1273,-70.51652852034816
1274,-65.09244812555191
1275,-46.94332918224489
1276,-65.97065088795368
1277,-56.18688895662092
1278,-59.1252630726111
1279,-36.70662635299579
1280,-73.9438176555965
1281,-75.05080237288013
1282,-56.73924337409929
1283,-54.57193645439069
1284,-49.18835029972456
1285,-56.432620707462014
1286,-46.313242208441544
1287,9.86102673111193
1288,-69.98907314938815
1289,-65.28290686543133
1290,-71.03204786785948
1291,-75.77931316047355
1292,-73.77522774893906
1293,-66.73579106676891
1294,-67.07375767286399
1295,-1.4573078803629436
1296,-69.47568387299575
1297,-65.46861749306369
1298,-50.25386029708849
1299,-64.06185573872543
1300,-48.37091798557267
1301,-55.305114009238494
1302,-54.61981574288718
1303,-62.563689989140116
1304,-70.6050297674738
1305,-59.39307223995751
1306,-1.893169929194186
1307,-51.224118372940595
1308,-52.900620577879565
1309,-55.31666364234935
1310,-48.93064496753936
1311,-52.56810876773124
1312,-51.542780360823194
1313,-62.33002935163769
1314,-77.3255234044227
1315,-61.716338391963674
1316,-59.21903459984201
1317,-58.01599895974807
1318,-65.77509497002471
1319,-1.2391436252455759
1320,-54.55632002082779
1321,-60.90769463787776
1322,-52.41008132855714
1323,-48.47910237129398
1324,-60.553837784782516
1325,-71.60738526797697
1326,-68.76036289831222
1327,-49.471942009995615
1328,-50.04560393759654
1329,-52.46855234839234
1330,-54.629015379477046
1331,-57.60874448105968
1332,-68.00701173239482
1333,-52.80171926514611
1334,-51.61269384994426
1335,-55.10168634699872
1336,-60.45896038756257
1337,-52.469886306984115
1338,9.863282513134385
1339,-62.11064718412087
1340,-74.82840449150696
1341,-59.05556644910281
1342,-66.4350706314508
1343,9.869477785736414
1344,-68.85739543776943
1345,-70.08765111479944
1346,-59.036976808932835
1347,-72.42580417910496
1348,-53.757441949253206
1349,-77.82514401722723
1350,-64.34277089389825
1351,-58.17008966922294
1352,-53.549340086792526
1353,-3.1723039769080046
1354,-84.25581887630625
1355,-80.83207766417482
1356,-61.554651591271366
1357,-53.28280086853242
1358,-60.41071901584765
1359,-72.20402676557471
1360,-51.71818286779116
1361,-53.50092754566971
1362,-51.51302408400925
1363,-54.07724795009543
1364,-63.410541172858736
1365,-49.704981386227814
1366,-71.20631539144198
1367,-61.76357263494122
1368,-73.37162206251257
1369,-61.330175165140616
1370,9.873546625696399
1371,-53.892995236235784
1372,-43.421411319098084
1373,-63.653000615432525
1374,-56.35993526701652
1375,-67.86298071529299
1376,-70.71394541132547
1377,-76.5840980259445
1378,-53.800837306033394
1379,-61.47149005469254
1380,-66.6550286475392
1381,-3.1723007818463715
1382,-64.56313941688417
1383,-54.35451071078034
1384,-53.4438370310742
1385,-74.47430981834593
1386,-51.810356833437346
1387,-62.210921268575234
1388,-63.92446316992148
1389,-55.14350011345541
1390,-71.04706066148346
1391,-66.84577517699994
1392,-50.37012005232996
1393,-64.85737272277709
1394,-42.62276739004505
1395,-52.03888239547341
1396,-60.15860559499555
1397,-60.40890535763572
1398,-64.10074346033883
1399,-53.12821341260805
1400,-74.5385449470869
1401,-45.09153921390143
1402,-70.93661566333108
1403,-44.527253335455384
1404,-48.06424537357182
1405,-68.7146234469571
1406,-61.511667738113964
1407,-62.33888157322769
1408,-1.7684712483067466
1409,-68.16166069328732
1410,-63.37652351868343
1411,-72.72392346695472
1412,-51.42984010531076
1413,-52.52320062236179
1414,-70.38754012496072
1415,9.877641214373373
1416,-68.81311983503014
1417,-82.06113625818627
1418,-55.91139410476903
1419,-66.39879636719819
1420,-52.8785123327837
1421,-73.84346911794962
1422,-53.09412320923882
1423,-67.90715403658334
1424,-58.25494505349646
1425,-69.40483837917553
1426,-71.27932321190822
1427,-56.5229250674652
1428,-66.33312435285893
1429,-62.46994675333097
1430,-56.21335712375733
1431,-47.54153768214967
1432,-72.29804078047574
1433,-55.804621268499325
1434,-58.28645510580451
1435,-65.21943987631353
1436,-52.61341865484285
1437,-51.701435450916
1438,-45.57209320309914
1439,-50.347568742826006
1440,-47.91262108950932
1441,-51.43348710105174
1442,-59.46556375635196
1443,-57.650982884355294
1444,-59.198703935286865
1445,-70.69505704957469
1446,9.86030828064625
1447,-61.160924745110925
1448,-41.997549062719855
1449,-46.28380397298865
1450,-0.5452592378888935
1451,-58.659178976627324
1452,-53.25519258563578
1453,-55.21821604337075
1454,-62.32694860618941
1455,-60.494849400550116
1456,-70.24488915559705
1457,-65.17869252236957
1458,-68.42080093754296
1459,-1.27008106409835
1460,-49.71471725227812
1461,-66.8721707494464
1462,-49.05264736507217
1463,-67.58450029250103
1464,-56.29908725952472
1465,-51.17268560122812
1466,-68.08372272619539
1467,-5.401495166890536
1468,-2.1370995910248394
1469,-59.14633630775725
1470,-78.76665342399205
1471,-2.0684109109799964
1472,-2.274767623473533
1473,-51.028685425995896
1474,-66.74415953018224
1475,-67.28927107530824
1476,-57.87475976307833
1477,-44.97952743420205
1478,-46.98292270071568
1479,-55.046303384409164
1480,-55.69020949779292
1481,-70.66841089970949
1482,-68.34386571632224
1483,-46.323447855113784
1484,-2.9141157503429183
1485,-45.66377094620224
1486,-37.72494370538663
1487,-59.647972239742515
1488,-59.93264629273617
1489,-20.395394311570914
1490,-57.00003362414377
1491,-55.42203731545811
1492,-21.088934840425544
1493,-60.59130026481419
1494,-56.91766592429775
1495,-78.06786150350905
1496,-64.34762323463745
1497,-57.145198564178706
1498,-61.66093710624558
1499,9.882603867001931
1500,-101.29945853495046
1501,-76.19055383198916
1502,-69.91778957873188
1503,-56.86446261512284
1504,-2.003807217725731
1505,-73.20487601175402
1506,9.86943421472363
1507,-68.26201156432109
1508,-2.3401082321062456
1509,-58.80701284646533
1510,-61.828232269268305
1511,-64.94489693153544
1512,-57.01672139633276
1513,9.888193777069832
1514,-61.59643817208885
1515,-60.68322999467553
1516,-67.08332242152582
1517,-45.008118626602645
1518,-74.07547008771111
1519,-67.34390689032564
1520,-63.97909523932506
1521,-47.002265155323414
1522,-62.27174371021581
1523,-52.67926483140143
1524,-51.24676825805267
1525,-57.68197335681306
1526,-67.90026647848825
1527,-41.113178658445264
1528,-50.637298732021144
1529,-50.50187913749094
1530,-49.818537401228404
1531,-57.6283970248966
1532,-54.491671135835105
1533,-67.78047616112575
1534,-55.37681167270863
0,-7.190509752671313
1,-46.62776127438634
2,-53.80530367391726
3,-18.43478295343501
4,-45.171448718421246
5,-59.52140101493637
6,-65.5019777175527
7,-12.535830397259872
8,-50.183897673147236
9,-62.710674592234746
10,-69.17488543501375
11,-54.45081601442956
12,-41.59120154650626
13,-64.27973280233002
14,-49.56095488191159
15,-46.94272471492073
16,-78.59805748047624
17,-68.80986627721178
18,-49.69414827853589
19,-49.62158778946293
20,-53.861113678454466
21,-69.56789750709537
22,-58.15268167596278
23,-64.88792380590806
24,9.859707616093651
25,-48.445367346712786
26,-48.24302711963809
27,-64.96607745364103
28,-72.48168251699065
29,-59.180515700879134
30,-61.649220147767956
31,-54.60980582804235
32,-9.789659401375895
33,-64.45761529868496
34,-66.74235743340746
35,-63.97318013239618
36,-51.364193978308506
37,-5.366958147519384
38,-53.38932699402408
39,-13.02887927775809
40,-52.5210677429918
41,-49.39105600232216
42,-55.32670853883167
43,-51.330761875169124
44,-66.84299992148676
45,-86.65636576493088
46,-73.06103413040537
47,-58.37325724658974
48,-57.78682507277079
49,-59.40482978769408
50,9.851082296244995
51,-73.865959711616
52,-66.91730189968193
53,-66.3638784567514
54,-64.96461619948612
55,-55.816108164561484
56,-50.76672532074296
57,-0.46672204257202665
58,-44.395284613192516
59,-61.84350230011624
60,-60.98159149868035
61,-56.7876765919925
62,-57.520452483098346
63,-61.926917875967675
64,-66.36590832025352
65,-60.726637426548336
66,-59.54268924390836
67,-3.877456225834414
68,-39.738684911792106
69,-70.05204982882671
70,-60.95856149214869
71,-65.35807397658375
72,-46.964583652765825
73,12.190723289551574
74,-59.71684845887813
75,-42.584782516552174
76,-48.38052561061185
77,-46.537391604904926
78,-52.865203993148
79,-52.30143295131584
80,-35.066447846879726
81,-57.422237276362466
82,-62.57415449092109
83,-59.915347869020636
84,-39.83337716172593
85,-56.6226479150843
86,-62.40089783973645
87,-52.88358158251347
88,-56.90424985543146
89,-73.01176855041028
90,-60.8349231325107
91,-55.427446676821624
92,-59.834631606510335
93,-55.669816551991495
94,-53.16174643489861
95,-55.94186064446591
96,-53.675441517795974
97,-7.639602704197342
98,-50.700505883511795
99,-57.85403562595817
100,-53.11542553360597
101,-57.8839108598564
102,-51.36561253594442
103,-39.662999950121964
104,-48.353794299696844
105,-63.42745871897388
106,2.5910122299160214
107,-56.86290719346403
108,-65.51636162253764
109,-45.338417346688615
110,-68.81124949775611
111,-68.22404791633907
112,9.88014176754818
113,-51.655632880425294
114,-61.88003622917996
115,-60.29246564952222
116,-61.495525389467794
117,-54.850321107011794
118,-53.00505216384352
119,-55.9534484479108
120,-49.90141023324921
121,-66.49384407289423
122,-51.0608090073597
123,-42.99496201052618
124,-48.937566225161454
125,-61.24636418293486
126,-63.27999368311386
127,-61.603849826760936
128,-23.284224772283494
129,-48.663821276782684
130,9.846063436290123
131,-51.198573926824025
132,-59.74136020878182
133,-53.86497526061954
134,-55.76379293795807
135,-61.96754312310102
136,-62.085094660599005
137,9.834132795430381
138,-54.83248195208745
139,-68.1592761349142
140,-48.470127572695624
141,-47.79522901536135
142,-61.22901341336841
143,-66.40762698630678
144,-46.48025296561247
145,9.86136815940752
146,-59.93290444729709
147,-59.59879235952245
148,9.87862088404081
149,-30.375306880183196
150,-40.125695014628754
151,-69.6413546155604
152,9.876471283289845
153,-60.173392125289055
154,-50.02213960052304
155,-60.043764253042475
156,-67.13403383751884
157,-51.769335077818155
158,-53.98093766960818
159,-58.06455474233115
160,-49.853512452093916
161,-51.78252298645483
162,-54.63858801576851
163,-49.40856964148812
164,-89.65535882218389
165,-68.40674845320223
166,-55.23283058218953
167,-58.24190580779872
168,-26.554667475083484
169,-70.25830649564645
170,-46.127734576752914
171,-62.08632717780942
172,-48.00862532898137
173,-63.02649148098843
174,9.849575621313328
175,-59.45339118573391
176,-62.08438944919352
177,-44.52428393869703
178,-48.73601346005041
179,-62.759726308696116
180,-56.441726990543
181,-56.38626146252339
182,-66.94274059022048
183,-60.014440990810286
184,-59.25646647755551
185,-55.231328669172825
186,-49.11690267831686
187,9.882763183943375
188,-66.09749381682164
189,-73.76287585372218
190,-72.36171001632685
191,-46.60157025780183
192,-60.21597246996386
193,-73.80392017446621
194,-55.0791553090211
195,-45.14633332271508
196,-52.01742474803757
197,-51.26804268115048
198,-11.427723993597997
199,-63.522556563991635
200,-49.1780485852608
201,-62.21786204257522
202,-57.6426764069819
203,-38.987037156530384
204,-17.877628293493977
205,-34.70267395026807
206,-48.640892616588026
207,-44.38782434989621
208,-44.39160779608707
209,-49.26003573105064
210,-42.40629040551784
211,-1.427931562050663
212,-69.75495198427876
213,-59.08147379517247
214,-51.71578977305648
215,-59.33906258681328
216,-54.68996961622294
217,-54.85657978226425
218,-43.07357788643188
219,-36.17923667831059
220,-45.94568012571691
221,-45.234827709885806
222,-59.86302692225947
223,-48.907977424434755
224,9.85109298164834
225,-57.06669843005933
226,-68.05571403028647
227,-59.084876103781596
228,-22.26752596905823
229,9.849044108638722
230,-76.07010121524532
231,-46.26645216473798
232,-60.83432133598104
233,-72.79286271467394
234,-49.077750060066776
235,-68.70421682306161
236,9.864247466538039
237,-48.781995949684756
238,-49.911540863404014
239,-74.88301957852322
240,-54.68350163890856
241,-51.15962372556315
242,-44.388113849550315
243,-59.4354631006992
244,-74.55274527723299
245,9.847728759867676
246,-72.29284317151874
247,-57.52245447017134
248,-5.150219022680664
249,-57.13895374829329
250,-45.8708628254075
251,-66.81363385104098
252,-53.09572404306718
253,-59.405644854306345
254,-66.35498266951082
255,-48.05020553139222
256,-59.02195296875711
257,-46.15484106691857
258,-68.69028176555777
259,-68.30447956040385
260,-16.672868614116453
261,-45.65644101907414
262,-57.559838158380536
263,-46.27088813462993
264,9.877721007177763
265,-51.377057739898014
266,-52.2161480588914
267,-55.02139643736633
268,-59.995659056429595
269,-7.779962903569523
270,-42.3977125266898
271,-49.70804557831236
272,-60.50761488858579
273,-56.94983008018771
274,-56.40582595085249
275,-51.764372258186285
276,-46.07008548168032
277,-45.438738294756625
278,-42.744635082212376
279,-51.657335392216254
280,-73.47923704763907
281,-67.32892216457533
282,-52.60164473719884
283,-51.163559564933635
284,-46.80226312223065
285,-59.23046493928276
286,-50.11749152660221
287,-54.05340660642859
288,-63.45492665011647
289,-50.62926403283394
290,-54.03204119072991
291,-67.25749994328034
292,-70.89670777834878
293,-60.386721738495574
294,-41.82130247874122
295,-52.17541282910585
296,9.875553559068292
297,-57.575786657938245
298,-54.6573303977675
299,-50.99778870333878
300,-52.631328819333866
301,-54.52088740310035
302,-44.72006951378651
303,-79.93945354232791
304,-48.03993733390124
305,-67.10973909051359
306,-66.69614530276489
307,-57.63968182971027
308,-53.29933230774634
309,-59.844677559575246
310,-72.32880086471766
311,-68.64542406960065
312,-44.74069979917591
313,-72.02014202007048
314,9.865139030311056
315,-51.90422650388133
316,10.293155850080318
317,-37.44414595775209
318,-70.38420733124262
319,-55.79147049656096
320,-58.068755991526984
321,9.853569626023091
322,9.84453893042602
323,-49.084000528627186
324,-57.17417564010163
325,-54.2516623699211
326,-56.104046941004874
327,-69.17172430638057
328,-42.73161040304142
329,-54.19960047312991
330,-70.12000883433902
331,-59.25262706765997
332,-53.91981415374322
333,-1.7192420912484625
334,-78.82662447617463
335,-59.362097272508656
336,-67.4302911019867
337,-63.12843717281111
338,-42.169935070415875
339,-69.63257902611308
340,-52.568833269718475
341,-49.513495914297586
342,-49.46326071222187
343,-70.79061309680024
344,9.861330512981139
345,-54.20474745200452
346,-53.191574362248716
347,-75.79040874008476
348,-63.64817739108524
349,9.842722399275768
350,-44.308864835432416
351,-50.26948354503507
352,-48.77469205422303
353,-41.72856110410136
354,-49.79326113053025
355,-73.5690285961824
356,-70.23994306275401
357,-52.94907324811001
358,-58.578203015835264
359,-47.899026924624465
360,-54.601178760688676
361,-65.38626284104669
362,-61.042466788953035
363,-62.6197020192768
364,-61.221015136398904
365,-49.365786102517404
366,-50.56722744473594
367,-56.65434070864915
368,-60.508263024336365
369,-47.86722470870768
370,-41.40456502246755
371,-61.883952181439824
372,-57.88006269316184
373,-53.07082776712866
374,-65.81627573161954
375,-41.6280519402108
376,-61.81362949389581
377,-63.085982766100926
378,-37.77075285150759
379,9.86332064899327
380,-26.14717807330206
381,-53.0024527085118
382,-66.90140259539156
383,-54.590314512789256
384,9.859004696760017
385,-65.92663479011851
386,-50.066173673884066
387,-54.74188137932071
388,-46.98729458347432
389,-46.05086770125808
390,-57.19695435181354
391,-45.930197928725384
392,-56.85301635161713
393,-40.1935777590984
394,-70.5966663598402
395,-57.886295235034886
396,-64.69842921536582
397,-45.47249989639921
398,9.893352653967494
399,-63.346391839233746
400,-63.826021770760384
401,-53.75060036419303
402,-62.984092628941
403,-81.93491522375278
